""	"p_val"	"avg_log2FC"	"pct.1"	"pct.2"	"p_val_adj"
"H3f3b"	7.71099985580777e-22	0.347315272118995	0.973	0.966	1.33130412510521e-17
"Fos"	1.98355586738873e-17	-0.443909044594377	0.164	0.364	3.42460920504664e-13
"Malat1"	1.52441052671481e-15	0.200782857367448	1	1	2.63189477437312e-11
"mt-Co1"	3.56983384418233e-15	0.330474863700857	1	1	6.1633181319808e-11
"Pde10a"	1.80429827456313e-14	-0.521740790137709	0.393	0.577	3.11512097103325e-10
"Ldha"	1.1220053039199e-12	-0.388549762078182	0.639	0.812	1.9371421572177e-08
"Mxi1"	5.40216424149622e-12	-0.399319926214429	0.182	0.347	9.32683656294322e-08
"Cd63"	5.43578186105858e-12	-0.377212970686622	0.424	0.629	9.38487738311763e-08
"Scg2"	4.88354707510593e-10	-0.461332972297521	0.693	0.81	8.43144402517039e-06
"Slc16a3"	5.23710027520327e-10	-0.230188221874043	0.078	0.191	9.04185362513845e-06
"mt-Nd4l"	7.09368477438354e-10	-0.295913804206352	0.322	0.504	1.22472467629732e-05
"Lrrc24"	2.64860186502249e-09	-0.23536533070523	0.182	0.337	4.57281111996132e-05
"Gabrb2"	2.74768932089018e-09	-0.378419105126729	0.127	0.249	4.7438856125169e-05
"Mir124-2hg"	3.82627015944317e-09	0.219367741062522	0.976	0.982	6.60605543027863e-05
"Ackr1"	6.09845562137424e-09	-0.353414401073228	0.182	0.322	0.000105289836303026
"Elfn2"	6.15365448100053e-09	0.389443729650668	0.191	0.094	0.000106242844614474
"Syp"	1.03261803354224e-08	-0.280499718041768	0.589	0.781	0.000178281503491068
"Hacd3"	1.06035563246832e-08	-0.266367439801605	0.254	0.424	0.000183070399945655
"Nacad"	1.17872346131975e-08	-0.213471923312468	0.069	0.164	0.000203506605596856
"Egr1"	2.91169110207223e-08	-0.269479461848254	0.089	0.19	0.00050270346877277
"Mif"	3.44523757417334e-08	-0.233725563747573	0.914	0.955	0.000594820267181026
"Gabra1"	3.7537993459834e-08	-0.313031014898551	0.555	0.722	0.000648093457084034
"Bdnf"	5.20286242160113e-08	-0.219298787679124	0.104	0.212	0.000898274197089435
"Irf2bpl"	6.59161763631906e-08	-0.205171420352792	0.284	0.463	0.00113804278491049
"Manf"	1.01869766558264e-07	-0.223854513844809	0.175	0.309	0.00175878151962843
"Pde7b"	1.40464412201998e-07	-0.2350561465315	0.377	0.534	0.00242511807666749
"Eef1a1"	1.60703446728327e-07	-0.192354026550145	0.923	0.933	0.00277454500776457
"Grm7"	1.82373018395043e-07	-0.366402346737095	0.361	0.503	0.00314867016259043
"Gpr158"	2.01645926406479e-07	-0.213482470046753	0.132	0.243	0.00348141691940785
"Hcfc1r1"	2.05019642341108e-07	-0.239619344497895	0.287	0.463	0.00353966412501923
"Pbx1"	2.0966019791513e-07	-0.296439461682761	0.297	0.433	0.00361978331700471
"Gng3"	2.35723733286202e-07	-0.266917496812276	0.475	0.663	0.00406977025518628
"Hspa8"	2.4276820569913e-07	-0.206083068568375	0.908	0.949	0.00419139307139548
"Gpnmb"	2.73593641694397e-07	-0.268267672583786	0.085	0.177	0.00472359422385377
"Gstp1"	2.9079520930504e-07	-0.275215136207079	0.276	0.424	0.00502057928865151
"mt-Co2"	3.12123673356125e-07	0.197428841077323	0.999	1	0.0053888152204935
"Pcbp1"	3.45702777970344e-07	-0.233907872212044	0.237	0.383	0.00596855846165799
"Esam"	3.90076117889493e-07	-0.3245327967578	0.052	0.125	0.00673466417536209
"Gm10076"	4.13360595302367e-07	-0.206623114644523	0.143	0.263	0.00713667067789536
"Exoc7"	4.45812755189336e-07	-0.169851705712414	0.104	0.205	0.00769695721834388
"Sez6l2"	4.72167376016254e-07	-0.205827673971337	0.158	0.278	0.00815196974692063
"Erh"	6.03531407553024e-07	-0.235928031194557	0.309	0.473	0.010419969751403
"Maged1"	6.59756429816004e-07	-0.189293130955097	0.35	0.525	0.0113906947607733
"Nr4a1"	7.09457238000948e-07	-0.243376967408066	0.103	0.198	0.0122487792140864
"Nbea"	7.09866526961337e-07	-0.198639193543874	0.485	0.659	0.0122558455879875
"Prkcsh"	7.38595356114579e-07	-0.201798261190394	0.102	0.198	0.0127518488233182
"mt-Co3"	8.32279138952656e-07	0.199838303796273	1	0.997	0.0143692993340176
"Sycp3"	8.90825679798697e-07	-0.187054720176607	0.073	0.157	0.0153801053617245
"Rom1"	9.62873319012785e-07	-0.176125660326014	0.335	0.472	0.0166240078527557
"Timm13"	1.02186775305235e-06	-0.216969087178438	0.47	0.653	0.0176425467564489
"Slc6a8"	1.05784325595985e-06	-0.179520119944826	0.118	0.223	0.0182636638141468
"Arl2"	1.11683725840355e-06	-0.224490003028252	0.318	0.48	0.0192821952663373
"Sdhd"	1.1491254056096e-06	-0.1943997181744	0.171	0.292	0.0198396501278498
"Nedd4"	1.17277607440186e-06	-0.223830935361707	0.505	0.673	0.020247978924548
"Hgsnat"	1.22926258924915e-06	-0.168251492246338	0.057	0.129	0.0212232186033866
"Ftl1"	1.30449376922463e-06	-0.211641219457421	0.828	0.916	0.0225220849256632
"Plekha1"	1.34934981095183e-06	-0.233624605430248	0.198	0.322	0.0232965244860833
"Pde4a"	1.53289297637226e-06	-0.165720603430525	0.077	0.16	0.0264653972370671
"Sgms1"	1.59282979339338e-06	-0.212331263892027	0.321	0.473	0.0275002063829367
"Atp1b2"	1.73531194703547e-06	-0.216850228616587	0.759	0.875	0.0299601607655674
"Cabp2"	1.76333491055337e-06	-0.250073788152959	0.188	0.302	0.0304439772307039
"Srsf6"	1.91976453292605e-06	-0.195739444103354	0.172	0.287	0.0331447346609683
"Calr"	1.94417271105968e-06	-0.210655683791343	0.309	0.468	0.0335661418564454
"Rnf166"	2.04361695110083e-06	-0.162037825019967	0.068	0.143	0.0352830466607559
"Snhg11"	2.04954870956034e-06	-0.369080029708428	0.235	0.344	0.0353854584705593
"Ctsl"	2.05745146200451e-06	-0.217017951080846	0.291	0.44	0.0355218994915079
"Gabbr1"	2.0974670536175e-06	-0.158166901497467	0.128	0.229	0.0362127686807062
"Sf3a3"	2.22065017507321e-06	-0.153450534968631	0.117	0.216	0.038339525272639
"Gabrb1"	2.41170579209209e-06	-0.396007766797998	0.158	0.258	0.0416381005004699
"Eef1a2"	2.46807747708875e-06	-0.198679250767603	0.212	0.346	0.0426113576419372
"Rimkla"	2.4879306705901e-06	-0.174861437641327	0.063	0.136	0.042954123027738
"Lrit1"	2.52506555848113e-06	-0.213836357124337	0.116	0.215	0.0435952568671766
"Sirt2"	2.54642885944095e-06	-0.189085131339203	0.153	0.258	0.0439640942582479
"Eef1g"	2.62962704950832e-06	-0.223389724358874	0.615	0.788	0.0454005110097612
"Slit2"	2.65276109846667e-06	-0.730617350288917	0.187	0.288	0.045799920365027
"Lonp1"	2.69060191760301e-06	-0.182332920698201	0.052	0.119	0.0464532421074159
"Map3k1"	3.45850324509982e-06	-0.192026590736751	0.056	0.124	0.0597110585266483
"Pgam5"	3.45895073798127e-06	-0.154187588351245	0.103	0.195	0.0597187844912465
"Atp6v0d1"	3.9136050158613e-06	-0.19983981625605	0.501	0.683	0.0675683905988454
"Dnm1"	4.11684255553119e-06	-0.169317286059577	0.404	0.586	0.0710772867212461
"Vps29"	4.92278854227938e-06	-0.211858737256075	0.36	0.532	0.0849919441824535
"Kcnip3"	5.86618681971855e-06	-0.175670379314313	0.051	0.115	0.101279715442441
"Rps5"	6.4364865760223e-06	-0.184311111938686	0.839	0.907	0.111125940735025
"Prkag1"	6.4461395401297e-06	-0.184748679915063	0.209	0.333	0.111292599160339
"Cln6"	6.82302385831536e-06	-0.22247355234226	0.178	0.295	0.117799506913815
"Rps18"	6.82786688708986e-06	-0.186780169547397	0.868	0.928	0.117883121805607
"Sema4d"	6.93029828292227e-06	-0.156721158538306	0.091	0.176	0.119651599854653
"Tusc3"	7.05887363579958e-06	-0.197821520749825	0.236	0.353	0.12187145332208
"Rpl14"	7.16493091033375e-06	-0.171528329497538	0.878	0.924	0.123702532166912
"Maged2"	7.30636543108927e-06	-0.172429376924923	0.104	0.191	0.126144399167756
"Rpl22l1"	7.50137811284329e-06	-0.197533041494108	0.655	0.799	0.129511293118239
"Clptm1"	7.56202134269202e-06	-0.189319149023937	0.212	0.338	0.130558298481578
"Snhg15"	7.95837963694144e-06	-0.159262682571803	0.086	0.166	0.137401424431794
"Cct7"	8.25632521252747e-06	-0.170290844425139	0.374	0.556	0.142545454794287
"Glmp"	8.70529182352562e-06	-0.152487326861024	0.053	0.118	0.15029686333317
"Plekhj1"	8.76505811165809e-06	-0.19238255516559	0.256	0.402	0.151328728297777
"Spen"	9.04917534556807e-06	-0.201400631670837	0.116	0.208	0.156234012341233
"Bex4"	9.31844459244925e-06	-0.205642593896446	0.434	0.601	0.160882945888636
"Aff4"	9.39793621196383e-06	-0.204847444486456	0.402	0.569	0.162255368699556
"Camk4"	9.58961878305536e-06	-0.311447434929569	0.25	0.361	0.165564768289451
"Eif5a"	9.77221672380229e-06	-0.197987722307184	0.611	0.763	0.168717321736447
"Ncald"	9.84166074301039e-06	-0.157994299439623	0.361	0.521	0.169916272728074
"Gtpbp1"	1.01584890132426e-05	-0.192637737578393	0.179	0.292	0.175386312813633
"Pdia3"	1.02420265176394e-05	-0.219608256476295	0.256	0.39	0.176828587827045
"Mff"	1.02807801159441e-05	-0.215154827011334	0.385	0.549	0.177497668701775
"Cyth1"	1.04331182695718e-05	-0.173058442257902	0.293	0.448	0.180127786924158
"Zbtb38"	1.04972487744846e-05	-0.185005006383053	0.226	0.344	0.181235000091476
"Mrpl17"	1.05464505732327e-05	-0.18500516083939	0.224	0.355	0.182084469146863
"Rd3"	1.09120516529536e-05	-0.217993122871858	0.354	0.503	0.188396571788245
"Atp6ap2"	1.12427197327991e-05	-0.219915827859409	0.493	0.654	0.194105556186776
"Igsf8"	1.18236912644462e-05	-0.214533172698393	0.31	0.462	0.204136029680664
"Serf2"	1.22442168509479e-05	-0.181138765851987	0.55	0.725	0.211396403931615
"Rps9"	1.23278950505435e-05	-0.207737899900788	0.789	0.892	0.212841108047634
"Dnmt3a"	1.37845093807677e-05	-0.184099088741573	0.427	0.587	0.237989554458955
"Egln1"	1.38059587359686e-05	-0.151037561176715	0.084	0.16	0.238359877576498
"Snapc1"	1.41049909461785e-05	-0.163670606436589	0.102	0.188	0.243522668685773
"Lpcat1"	1.42056626201576e-05	-0.16419771545885	0.209	0.319	0.245260765137022
"Pgk1"	1.44890703731032e-05	-0.178673375126626	0.748	0.872	0.250153799991627
"Ctsd"	1.4957583234912e-05	-0.189492497483794	0.328	0.476	0.258242674550755
"Lsm14a"	1.52832354491108e-05	-0.161167032980873	0.211	0.322	0.263865060028898
"Frat1"	1.5396409456753e-05	-0.166938398909899	0.072	0.143	0.26581900927084
"Apbb2"	1.55578909774299e-05	-0.180672673637856	0.235	0.355	0.268606987725327
"Rpl18"	1.66328543776001e-05	-0.195027284843376	0.681	0.812	0.287166230829265
"Samd5"	1.66933016286113e-05	-0.214276806756814	0.05	0.11	0.288209852617974
"Gps1"	1.6743220683215e-05	-0.188081426953129	0.209	0.327	0.289071705095707
"Stxbp5"	1.70138730924573e-05	-0.182416732165286	0.297	0.424	0.293744518941275
"Pdxp"	1.78706934141525e-05	-0.179996400726033	0.342	0.49	0.308537521795344
"Mrpl52"	1.83985335077675e-05	-0.171241891857804	0.249	0.381	0.317650681011607
"Adcy8"	1.8599294453921e-05	-0.349255573500124	0.116	0.198	0.321116818746947
"Pik3c2a"	1.93147232602173e-05	-0.159937857509551	0.141	0.237	0.333468697087651
"Rps11"	1.94819304441807e-05	-0.163234258362861	0.835	0.914	0.336355529118779
"Cadps"	1.96950175707031e-05	-0.153329678033726	0.972	0.992	0.340034478358188
"Acadsb"	1.98103144590772e-05	-0.150343270492555	0.156	0.263	0.342025079135967
"Rps6"	1.9817349395361e-05	-0.159826114874472	0.889	0.93	0.342146537310908
"Tgfbr3l"	1.98352483595214e-05	-0.154870775300176	0.07	0.139	0.342455562927137
"Slc35c2"	2.07673317507638e-05	-0.164036209878281	0.081	0.154	0.358547982676937
"Clip3"	2.09743058127345e-05	-0.186002089123931	0.293	0.433	0.362121389856862
"Kcnk3"	2.11930340118411e-05	-0.205290706340165	0.251	0.381	0.365897732214437
"Wipi2"	2.22042170013383e-05	-0.164384735176696	0.104	0.187	0.383355806528105
"Chmp2a"	2.23845516564822e-05	-0.18581313045257	0.496	0.666	0.386469284349164
"Erbb4"	2.24858219751859e-05	-0.579901981151766	0.051	0.11	0.388217716401585
"Sergef"	2.38426304168725e-05	-0.199520815084204	0.083	0.156	0.411643014147304
"Naca"	2.57905165618215e-05	-0.159670073530325	0.802	0.895	0.445273268439847
"Snx16"	2.60461314209215e-05	-0.166924417306739	0.07	0.138	0.449686458982209
"Gm47283"	2.66532338715874e-05	-0.198288468860012	0.129	0.219	0.460168082792956
"Mrfap1"	2.73568585455637e-05	-0.227466348293575	0.633	0.758	0.472316162789157
"Mcmbp"	2.98411945453006e-05	-0.163348242399304	0.121	0.208	0.515208223824615
"Trappc2l"	3.14816125804492e-05	-0.208059728408333	0.352	0.489	0.543530041201455
"Prox1"	3.3497853390138e-05	0.269100147706336	0.749	0.705	0.578340438780733
"D8Ertd738e"	3.59438800699812e-05	-0.163027005954873	0.329	0.493	0.620571089408226
"Unc119"	3.64512621713386e-05	-0.174669416500283	0.917	0.956	0.62933104138816
"Dst"	3.67551923030005e-05	-0.172390006952463	0.361	0.486	0.634578395111303
"Tpt1"	3.69323783436809e-05	-0.164765432567444	0.716	0.848	0.637637512103651
"Enpp5"	3.81822003618442e-05	-0.157202462953655	0.169	0.271	0.659215689247241
"Fat4"	3.86223668429909e-05	-0.187715014517173	0.064	0.126	0.666815163544237
"Ubc"	3.87623600724413e-05	-0.172763256826751	0.598	0.756	0.6692321466507
"Zfhx3"	3.93937953125178e-05	-0.268400286725727	0.47	0.581	0.680133876070619
"Zfp532"	4.27307359718462e-05	-0.1560035882889	0.169	0.274	0.737746156553925
"Rnasek"	4.29028900642696e-05	-0.192239478847772	0.551	0.723	0.740718396959615
"Scgn"	4.33073483148133e-05	-0.308029562525226	0.406	0.511	0.747701368655251
"Cecr2"	4.37295047286927e-05	-0.161854074315061	0.098	0.173	0.754989899140879
"Rpl7a"	4.38198731283541e-05	-0.212054954000999	0.536	0.695	0.756550109561033
"Eif4a2"	4.44628409403561e-05	-0.154283477906992	0.624	0.778	0.767650948835248
"Rictor"	4.44871608892466e-05	-0.172530559216558	0.197	0.308	0.768070832752843
"Acap2"	4.58458050135911e-05	-0.181474639536283	0.217	0.333	0.791527823559651
"ENSMUSG00000095041"	4.60527089049941e-05	-0.210419487077317	0.57	0.721	0.795100019244722
"Igf1r"	4.68162044747926e-05	-0.177024457804627	0.557	0.697	0.808281770257295
"Ip6k1"	4.86614634978089e-05	-0.175279257810131	0.264	0.389	0.840140167289671
"Btrc"	4.88084086890974e-05	-0.15389517795489	0.274	0.412	0.842677176017267
"Cadm3"	4.95198529532364e-05	-0.162487997343546	0.225	0.337	0.854960261237626
"2410018L13Rik"	4.96202964356412e-05	0.472615573346619	0.354	0.288	0.856694417961345
"Hnrnpd"	5.13445303867025e-05	-0.157514481219263	0.223	0.341	0.88646331712642
"Camkv"	5.93172104016016e-05	-0.169520678416005	0.071	0.135	1
"Lnx1"	6.06000887672766e-05	-0.179131354892734	0.213	0.326	1
"Tecr"	6.31458175026271e-05	-0.175937611360746	0.679	0.822	1
"Fat3"	6.60856607299801e-05	-0.376662223936137	0.172	0.256	1
"Prr16"	6.88441696848711e-05	-0.202979611633047	0.198	0.292	1
"Vat1l"	7.41759770696112e-05	-0.170528985718571	0.12	0.199	1
"Mrpl11"	7.80042621167674e-05	-0.153953181698946	0.245	0.374	1
"Smap2"	7.96518847120931e-05	-0.195431674173287	0.219	0.33	1
"Atp6ap1"	8.1219648487742e-05	-0.196412191032591	0.35	0.483	1
"H2az1"	8.12495996687296e-05	-0.187498251191803	0.757	0.858	1
"Ndn"	8.32019238768378e-05	-0.222484221157424	0.454	0.594	1
"Cited2"	8.34469800505821e-05	-0.164917565333761	0.296	0.424	1
"Eno2"	8.67195656475297e-05	-0.153916123875719	0.299	0.431	1
"Tmem108"	8.72239395809697e-05	-0.205493546571714	0.295	0.404	1
"Slc6a11"	8.95721935395761e-05	-0.232113527267546	0.152	0.235	1
"Irx6"	9.16985855800032e-05	-0.203655255280919	0.066	0.126	1
"Yeats4"	9.27606603203104e-05	-0.172511056011081	0.197	0.298	1
"Med31"	9.33707881075979e-05	-0.174422518921512	0.134	0.219	1
"Atxn7l1"	9.37185421742281e-05	-0.151249094091789	0.122	0.204	1
"Phf20"	9.49120105994286e-05	-0.15317144842294	0.246	0.362	1
"Evl"	9.99749428692195e-05	-0.164802392562743	0.447	0.607	1
"Usp29"	0.000104028593203004	-0.204252182507773	0.373	0.487	1
"H3f3a"	0.000104140450588389	-0.15363904625773	0.91	0.947	1
"Cdh18"	0.0001109358111662	-0.218766275688275	0.416	0.532	1
"Pfdn1"	0.000112048091460791	-0.164296091988867	0.432	0.573	1
"Rufy3"	0.00011223143865436	-0.213889475038655	0.493	0.631	1
"Ubr1"	0.000114220699055642	-0.152092766802751	0.187	0.291	1
"Faim2"	0.000119771945697936	-0.189076779847073	0.455	0.601	1
"H2bu2"	0.000121756626813145	0.260939134065983	0.853	0.86	1
"Cnnm1"	0.000129627076932844	-0.155267820180473	0.076	0.138	1
"Gm15283"	0.000131505975473962	0.37051365002211	0.512	0.479	1
"Tmem59l"	0.000134793200012047	-0.170166836900334	0.559	0.726	1
"Apbb1"	0.00013851922778339	-0.169426451193601	0.476	0.626	1
"Galnt14"	0.0001387366088674	-0.234678183164332	0.141	0.222	1
"Maea"	0.000142127923099825	-0.158780087751262	0.084	0.149	1
"Rgs11"	0.000148230018190456	-0.188177630430167	0.391	0.515	1
"Serinc3"	0.000150931405439502	-0.166694172245162	0.206	0.313	1
"Ascc3"	0.000152521239829837	-0.187682076609983	0.15	0.233	1
"Guk1"	0.000154063068107199	-0.270508598687714	0.754	0.83	1
"Hnrnpc"	0.000155002801808302	-0.177090240178025	0.5	0.663	1
"mt-Atp8"	0.000155912196066493	0.317525099903257	0.339	0.295	1
"Arsb"	0.000163478972705666	-0.180562209593427	0.137	0.222	1
"Akap13"	0.000184127023581195	-0.178511120153886	0.308	0.428	1
"Syt13"	0.000186604008343709	-0.1753737869493	0.168	0.26	1
"Gria4"	0.0002011975393698	-0.293789927139987	0.162	0.24	1
"Xpr1"	0.000202169828544016	-0.165087660383376	0.201	0.298	1
"Kcnc3"	0.000206083897092633	-0.159009060478355	0.174	0.27	1
"Zfp536"	0.000213746077018199	-0.234202292907263	0.379	0.489	1
"AI480526"	0.000221976247941797	0.304791162015797	0.334	0.296	1
"Psd"	0.000224718764681768	-0.168341729333137	0.092	0.156	1
"Gm4792"	0.000226220348975599	0.194555247400781	0.921	0.906	1
"Ptma"	0.000230282617358004	-0.173554149772643	0.81	0.903	1
"Igsf21"	0.000243277815620133	-0.181151983318461	0.52	0.673	1
"Prdx2"	0.000250892635589116	-0.184938709566747	0.694	0.812	1
"Tanc2"	0.000264491383607232	-0.191150616909466	0.145	0.219	1
"Ntrk2"	0.000268681161680064	-0.172343878604213	0.449	0.579	1
"Zfp467"	0.00028295199966297	-0.183415882891805	0.301	0.413	1
"Ndufs6"	0.00028925232319144	-0.151138229508434	0.508	0.65	1
"Tmeff2"	0.000289461128690847	-0.318726547367086	0.059	0.111	1
"Bax"	0.000294419584294444	-0.167142906442647	0.237	0.346	1
"Phactr1"	0.000297862394536885	-0.377483266036983	0.206	0.285	1
"Fubp1"	0.000303594059355046	0.246639442881703	0.586	0.57	1
"Fscn1"	0.000311700212539169	-0.159878715164662	0.44	0.581	1
"Acp1"	0.000315993612413269	-0.153186899015708	0.331	0.459	1
"Zfp462"	0.000322863856109492	-0.183754542325647	0.453	0.574	1
"Frat2"	0.00032296215563743	-0.162349328704899	0.15	0.233	1
"Snhg3"	0.000333265924999703	0.329888883396104	0.398	0.376	1
"Grik5"	0.000335870572135282	-0.178022997080372	0.177	0.268	1
"Cop1"	0.000340872442635258	-0.169353701846433	0.137	0.216	1
"Rpl8"	0.000350527678508493	-0.150001877039193	0.85	0.904	1
"Nrxn1"	0.000354872727283137	-0.286877942539693	0.268	0.354	1
"Stxbp1"	0.000360741999517664	-0.171057184971169	0.665	0.779	1
"Car2"	0.000361508888086788	-0.263802001040071	0.764	0.869	1
"Otx2os1"	0.000373839111052191	0.174817889529776	0.992	0.989	1
"Eif1b"	0.000375785244250093	-0.232359243958794	0.652	0.754	1
"Csmd3"	0.0003930230864976	-0.20430956264156	0.271	0.364	1
"A930003A15Rik"	0.000413003179479103	-0.174647033635921	0.083	0.14	1
"Snhg9"	0.000423559593728173	0.285926638823126	0.271	0.223	1
"Ptprn"	0.000424534861215798	-0.168091342430565	0.141	0.215	1
"Eef2"	0.000474550771410436	-0.152057481499301	0.788	0.872	1
"Tmem200a"	0.00047611093522186	-0.229117316196903	0.075	0.129	1
"Naa40"	0.000485927473662714	-0.15504331602247	0.142	0.221	1
"Gm17750"	0.000491865746956583	0.336381964156067	0.327	0.271	1
"A730046J19Rik"	0.000504625443721823	-0.211616915001751	0.135	0.208	1
"Glra1"	0.000505680019909676	-0.207442744113087	0.329	0.428	1
"Cdc42bpa"	0.000524601860099277	-0.171751506458587	0.423	0.552	1
"Mir670hg"	0.000531562436057119	-0.195096130827321	0.409	0.528	1
"Lrrc49"	0.000538432699170385	-0.150526564550911	0.122	0.191	1
"Pfn1"	0.000574864830386785	-0.154052006811284	0.443	0.6	1
"Pdgfd"	0.000577603286850654	-0.160627292804948	0.09	0.149	1
"Tspan9"	0.000579094152095981	-0.163681070913972	0.214	0.31	1
"Sec62"	0.000593735837281352	0.209098391529271	0.821	0.836	1
"Tomm20"	0.000618685027270057	-0.160840844454536	0.607	0.725	1
"Prkcb"	0.000620307805888601	-0.157912881402657	0.428	0.541	1
"Nav1"	0.000625929849210747	-0.175713276977299	0.108	0.173	1
"Bcap31"	0.000633869002242798	-0.1559726283189	0.243	0.347	1
"Efna5"	0.000709481352522359	-0.240194275837814	0.092	0.15	1
"Samd12"	0.000724582241061855	-0.232978576217725	0.322	0.42	1
"Kctd16"	0.000728909270277496	-0.159282863385912	0.11	0.173	1
"Rprd1b"	0.000735639762235792	-0.172477668788411	0.147	0.223	1
"Rpl10a"	0.000741100294910029	-0.153940765548043	0.744	0.831	1
"Zeb2"	0.000750107238932494	-0.210304434955755	0.327	0.413	1
"Peli2"	0.00077332812497506	-0.162097605482805	0.148	0.225	1
"Kcnd3"	0.000849066698763917	-0.352011146368801	0.207	0.285	1
"Clstn2"	0.000880534076224746	-0.35145329016913	0.092	0.147	1
"Ankrd28"	0.000910830422604088	-0.15048276595989	0.182	0.265	1
"Ttll7"	0.000928729838097756	-0.167010961130694	0.359	0.485	1
"Atp5mpl"	0.000939015708882597	0.282937526165989	0.886	0.924	1
"Zfhx4"	0.00101899214211586	-0.296623364859129	0.278	0.367	1
"Cntnap5a"	0.00101987845102425	-0.237341097976395	0.197	0.27	1
"Phyhipl"	0.00102673229840516	-0.156916171648591	0.527	0.642	1
"Mrpl46"	0.00111664699755019	-0.164373449266371	0.155	0.236	1
"Galnt10"	0.00115433976970757	-0.153019326024254	0.259	0.357	1
"Stmn1"	0.00119447155312759	-0.510098787982484	0.283	0.346	1
"Hnrnpa1"	0.00124071890227207	-0.166270487370277	0.568	0.713	1
"Zfp804a"	0.00132558035981674	-0.176077775293198	0.25	0.336	1
"Tmem245"	0.00134944506897228	0.318840349184495	0.297	0.256	1
"Ptprj"	0.00142015783321581	-0.165201828117677	0.075	0.126	1
"Btbd9"	0.00143755770013587	-0.185230236294628	0.642	0.763	1
"Nmt1"	0.00157481866233809	0.289222572537776	0.378	0.351	1
"Rab5if"	0.0017095102107637	-0.163004406609488	0.334	0.452	1
"Glul"	0.00174120768414796	0.153581990479281	0.133	0.081	1
"Fcor"	0.00186993438802628	0.263711716877373	0.21	0.164	1
"Cops6"	0.00207311716585611	-0.159831832411188	0.34	0.463	1
"5033421B08Rik"	0.00218916049760431	0.457193251252246	0.129	0.086	1
"Gm534"	0.00245338111651365	0.277774606728317	0.338	0.284	1
"Plxna4"	0.00247896576130785	-0.171518837940841	0.123	0.181	1
"Rasgef1b"	0.00251391553180837	-0.150630148872126	0.623	0.737	1
"Camta1"	0.002527113480994	-0.166965822609116	0.711	0.806	1
"Dlgap1"	0.00258660398160733	-0.22734537332247	0.186	0.254	1
"Pcdh9"	0.00267878954150639	-0.212649849826472	0.621	0.678	1
"Mir99ahg"	0.00290851973007132	0.356175205081557	0.476	0.465	1
"rDNA"	0.00299914780888898	0.239796035949563	0.68	0.657	1
"Srrm2"	0.00326868618420562	0.188635816157442	0.791	0.824	1
"Gabrr3"	0.00326953507642619	-0.18402697865377	0.194	0.264	1
"Pcdh17"	0.0033895784445902	-0.216527861034284	0.118	0.173	1
"Pde8b"	0.00344796075935847	-0.154534584894613	0.169	0.237	1
"Ptprd"	0.00356467098942493	-0.157971259810027	0.967	0.987	1
"9930021J03Rik"	0.00360975400272629	-0.169539945627873	0.268	0.362	1
"Ndufv1"	0.00373452970502793	-0.162664461476128	0.383	0.497	1
"Golga3"	0.0040522614753362	0.287554718069921	0.286	0.251	1
"Trpm1"	0.00412619776194921	0.185036394120406	0.825	0.802	1
"Pitpnc1"	0.004155915073013	-0.232327392054369	0.242	0.305	1
"Slc24a3"	0.00416739114146604	-0.217348007262588	0.378	0.455	1
"Mt2"	0.00442299833131218	0.38633009244822	0.466	0.427	1
"Vsx1"	0.0045425986057048	-0.23019146753295	0.146	0.201	1
"Calm1"	0.00472640734248256	0.299613247087296	0.891	0.93	1
"Epha3"	0.0047268731379717	-0.190777151019883	0.276	0.346	1
"Cnmd"	0.00503131430538054	-0.20422358826296	0.162	0.225	1
"Cdh8"	0.00513390656176541	-0.286435844664024	0.199	0.258	1
"Ldb2"	0.00585126476989713	-0.196111939321589	0.572	0.649	1
"6720427I07Rik"	0.00634704653746618	0.175065761270765	0.111	0.076	1
"Gm45321"	0.00729418612178271	0.301604781481142	0.236	0.199	1
"Gadd45g"	0.00743619721386776	-0.169853218676731	0.283	0.367	1
"Pde1a"	0.00822365446854274	-0.242936133415514	0.122	0.17	1
"Cwf19l2"	0.00828209163349531	0.250550207793056	0.374	0.355	1
"Gm45435"	0.00890515329508389	0.20467633813527	0.118	0.083	1
"1700012D14Rik"	0.00953462187551982	0.234266493743905	0.222	0.183	1
"Tnnt1"	0.00963825165411654	-0.159243128649873	0.213	0.277	1
"Tmem132d"	0.00971074933926003	0.181514282979306	0.717	0.683	1
"Tmem243"	0.0103438320784826	0.23785056157504	0.212	0.177	1
"Gsg1"	0.0106770126224538	-0.306545983126756	0.248	0.303	1
"Prkca"	0.0107900334616622	0.297171051260317	0.491	0.448	1
"Anks1b"	0.0110048067057756	-0.184976494066299	0.229	0.295	1
"Plekhd1"	0.0114430262183762	0.150388158974808	0.156	0.121	1
"Itgb5"	0.0122682790451357	0.219072045384647	0.114	0.081	1
"C920021L13Rik"	0.0130770540259415	0.185663617696129	0.117	0.084	1
"Rpgrip1"	0.013350899923361	-0.43653548096888	0.188	0.235	1
"Tmsb10"	0.0139168542389666	-0.234708033894758	0.812	0.827	1
"Magi3"	0.0156877229583346	-0.161294547835002	0.363	0.451	1
"Fmn1"	0.0169409529935666	0.150113175847405	0.9	0.899	1
"Zfp365"	0.017044168052819	-0.151744442897656	0.416	0.499	1
"Marcksl1"	0.0178189116578847	-0.17452758656242	0.073	0.11	1
"Blcap"	0.017939014887808	0.197070292707644	0.301	0.285	1
"Hipk2"	0.0186841498050766	0.193602133708692	0.472	0.471	1
"Mpdz"	0.019328464259717	0.150943044672195	0.165	0.131	1
"Pced1b"	0.0196966680787667	0.184151500020232	0.154	0.119	1
"Eif5"	0.0212811645844262	0.204145213142122	0.524	0.556	1
"Grin2b"	0.0215758009694997	-0.160072598584547	0.077	0.111	1
"Rab26os"	0.0218549951291313	0.194263870707602	0.158	0.128	1
"Large1"	0.0224374881007077	-0.227502134247639	0.278	0.336	1
"Tubb2a"	0.0231688721200457	-0.162850337079766	0.437	0.517	1
"Thrsp"	0.0249543110863785	0.252936301983081	0.152	0.119	1
"Chrm3"	0.0251432536432735	-0.226843435461808	0.264	0.315	1
"Pttg1"	0.0253380554832883	0.238926646785567	0.358	0.357	1
"Jun"	0.0254419029996203	-0.150063039288591	0.113	0.15	1
"Gm11418"	0.0255160700423058	0.155288266763771	0.2	0.166	1
"H2bc4"	0.0255334400555219	0.273267995806695	0.704	0.723	1
"Dgki"	0.0255802732347268	0.203571099245259	0.748	0.763	1
"Atp5g3"	0.0260616467806039	0.173015272025038	0.758	0.785	1
"Synpr"	0.0275565238383635	0.165890805415816	0.174	0.132	1
"Syf2"	0.0278568288811015	0.194077893601044	0.287	0.274	1
"Luc7l3"	0.0279650288335437	0.158050966441065	0.745	0.817	1
"Strip2"	0.0281087423456523	0.226760611124575	0.482	0.444	1
"Gm42439"	0.029514573615592	0.222934038234408	0.277	0.26	1
"Gm49769"	0.0312965138778972	0.155207714215907	0.111	0.083	1
"Snhg20"	0.03154788444593	0.205625258955674	0.533	0.58	1
"2810410L24Rik"	0.0317950104453926	0.16930709011091	0.134	0.107	1
"Rab11fip2"	0.0318508567154563	0.24141973611456	0.28	0.263	1
"Cox7b"	0.032238459181854	0.154333730916961	0.695	0.747	1
"Zc3h6"	0.0323380522685267	0.222859065717639	0.312	0.305	1
"Gm30725"	0.0329855048542769	0.294006011387397	0.334	0.298	1
"Mpp6"	0.03336112623652	-0.157557248021678	0.294	0.368	1
"Kirrel3"	0.0350692145045702	0.254755284016597	0.152	0.114	1
"Pex11a"	0.0352190030373843	0.150578318641583	0.102	0.076	1
"Gm26782"	0.0358839269271203	0.162200184112847	0.188	0.16	1
"Gramd1b"	0.0374565762371894	0.185007965485886	0.48	0.461	1
"Rmdn1"	0.0381134013505485	0.224675415471363	0.396	0.412	1
"Dnai2"	0.0382663921873462	0.200666916634507	0.127	0.097	1
"Rorb"	0.0392945107771427	0.16755172910254	0.815	0.861	1
"Pnn"	0.0402525961948368	0.162475042305912	0.518	0.537	1
"Nfasc"	0.0422493060800648	0.20600486134806	0.594	0.597	1
"Ctcf"	0.0425137888852114	0.198594388586574	0.32	0.308	1
"Meis2"	0.0435371360492821	0.434077240002651	0.213	0.18	1
"Lrrtm4"	0.0443198050010768	0.240100441662786	0.447	0.407	1
"5930430L01Rik"	0.0455998984356015	0.196984231893666	0.213	0.191	1
"Dguok"	0.0470082280377611	0.195638471532337	0.219	0.201	1
"Gm17634"	0.0473480189750861	0.285919370511419	0.257	0.235	1
"Dop1b"	0.0485456567266941	0.205952167621361	0.192	0.17	1
"Ap2a2"	0.0495014318637055	0.237053822614646	0.347	0.34	1
"Rhoj"	0.0534007689648768	0.21374113366785	0.187	0.162	1
"Tab2"	0.053657035698071	0.161417331587729	0.166	0.142	1
"Cox10"	0.0537905857055073	0.164520988424401	0.134	0.11	1
"Casp7"	0.0552687874599432	0.19797159063409	0.291	0.263	1
"Traf3ip2"	0.0568505445134415	0.153305755942923	0.113	0.087	1
"Camk2b"	0.0596617854580471	0.155540122993993	0.583	0.603	1
"Zfp521"	0.0640565715848129	0.219303055617192	0.377	0.374	1
"Capza2"	0.0641525796382068	0.176716481886671	0.371	0.388	1
"Asic2"	0.0659775375406658	0.223661928723963	0.434	0.396	1
"Sipa1l1"	0.0680163831485171	0.188504310411913	0.31	0.299	1
"B230312C02Rik"	0.0698182024668147	0.185405988213898	0.108	0.087	1
"Rpa1"	0.0707354913489985	0.189611984634703	0.539	0.544	1
"Zfp2"	0.0735686188185562	0.158519088188741	0.114	0.093	1
"Sdk1"	0.0738691445252438	0.238014881666597	0.454	0.433	1
"Gm35217"	0.073978334182889	0.211034483908573	0.174	0.15	1
"Hs3st4"	0.074169336165712	0.254699109248493	0.159	0.128	1
"Trim23"	0.0777390834622151	0.156745360673469	0.101	0.08	1
"Elovl4"	0.0800852021792083	0.229295928659356	0.278	0.263	1
"Aldh2"	0.0806577872896683	0.154122749148646	0.115	0.093	1
"Shcbp1l"	0.084070881425314	0.156623005597373	0.134	0.112	1
"Sp4"	0.089232430828155	0.175238767245766	0.181	0.16	1
"Vwa8"	0.0896324129902757	0.182673642810169	0.397	0.41	1
"Specc1l"	0.0911703221939399	0.165088083698622	0.233	0.219	1
"Tenm2"	0.0958035656787377	-0.150916352128847	0.573	0.608	1
"A230077H06Rik"	0.096776393880052	0.157766548788425	0.229	0.206	1
"Snhg8"	0.0997563655784948	0.20708654122744	0.432	0.454	1
"Nr6a1os"	0.101968435497551	0.218492321919414	0.297	0.291	1
"Brca2"	0.102813821256118	0.181451414490511	0.169	0.152	1
"9030624G23Rik"	0.104875969334289	0.226837344506559	0.227	0.209	1
"Srsf10"	0.105233049132515	0.171708633237468	0.329	0.331	1
"Orc4"	0.105418080792953	0.171298680834553	0.153	0.138	1
"Mt3"	0.105730046634783	0.212504896402821	0.274	0.268	1
"Ndnf"	0.106089233781813	0.157738603820323	0.506	0.486	1
"Vamp3"	0.107256486732594	0.168084211993568	0.185	0.169	1
"Dync2h1"	0.108389844590102	0.16903740027598	0.342	0.336	1
"Dot1l"	0.111327838988282	0.160772471107635	0.147	0.128	1
"Gm28807"	0.114077537051756	0.170085297148984	0.141	0.122	1
"Pacsin2"	0.117552241738121	0.152851866573823	0.153	0.133	1
"Timm23"	0.1176020222181	0.150708794510969	0.43	0.462	1
"Wars2"	0.118419754279515	0.158434564666217	0.143	0.124	1
"Ttll1"	0.124030180703992	0.16349914327394	0.188	0.176	1
"Pabpc4"	0.1256381802619	0.158623874873521	0.153	0.135	1
"Gt(ROSA)26Sor"	0.126078612139583	0.211708517470318	0.209	0.199	1
"Ccdc136"	0.127995129934982	0.192513784776139	0.557	0.552	1
"Trim26"	0.129582476784419	0.207498941758884	0.179	0.169	1
"Tatdn1"	0.136300197344969	0.234336734337393	0.19	0.184	1
"Cnot3"	0.136893239297245	0.168411962069635	0.249	0.242	1
"Cd47"	0.137612307473116	0.1965122131815	0.36	0.386	1
"Gm45341"	0.140214301503245	0.213048854089661	0.265	0.254	1
"Fyco1"	0.141875936807092	0.15096312666574	0.661	0.706	1
"Smurf2"	0.145439189370323	0.177342072619007	0.22	0.205	1
"Rbm27"	0.149365102540192	0.157087284753894	0.306	0.312	1
"Sin3a"	0.150924326032015	0.154508285685113	0.133	0.117	1
"Glmn"	0.153703395134419	0.177726862375586	0.16	0.143	1
"Dock1"	0.156014259015222	0.179484973192256	0.333	0.323	1
"B230219D22Rik"	0.159265230909791	0.165718574926737	0.385	0.407	1
"Dnajb12"	0.160068903872024	0.165558520604294	0.107	0.091	1
"Fam172a"	0.160109262253842	0.17200632050252	0.397	0.419	1
"Dock9"	0.164099000736864	0.17022941604111	0.194	0.183	1
"Birc6"	0.164326339556446	0.190118115854715	0.475	0.513	1
"Car8"	0.168928023587541	0.166179836707428	0.453	0.424	1
"Mrps5"	0.176446645792703	0.196272577064921	0.258	0.258	1
"Klhdc1"	0.182910926515228	0.153719429588377	0.175	0.163	1
"Vwc2l"	0.185419244464634	0.20269189394266	0.427	0.419	1
"AW554918"	0.189457153236115	0.173529044815705	0.276	0.278	1
"Cdkl3"	0.196514929783583	0.159179849409225	0.155	0.14	1
"Ppm1a"	0.201690922323709	0.159386339574752	0.435	0.475	1
"Dennd6a"	0.20670906117181	0.181123617127111	0.136	0.124	1
"Phrf1"	0.207738883293745	0.206650291239827	0.173	0.162	1
"Cert1"	0.20825461708203	0.174373636852895	0.18	0.173	1
"Nfix"	0.208955269220746	0.176950458066996	0.1	0.084	1
"Cep112"	0.20991475806634	0.165002552979366	0.396	0.378	1
"Mycbp"	0.223139782883482	0.167350255703165	0.113	0.1	1
"Krt10"	0.225046213729831	0.170977740456841	0.236	0.239	1
"Selenos"	0.225799913685028	0.181636185714208	0.28	0.294	1
"Nfia"	0.227605238457655	0.250988573866205	0.283	0.268	1
"Zfp799"	0.235231489232247	0.153189397534394	0.124	0.112	1
"Sclt1"	0.239719727865494	0.152615958985947	0.277	0.278	1
"Zfp961"	0.243882461926104	0.168955965396484	0.136	0.124	1
"Lmo4"	0.250884423889418	0.203001355835618	0.226	0.211	1
"Trappc8"	0.251017642571009	0.151108061117412	0.21	0.205	1
"A330023F24Rik"	0.253299799716744	0.162320083452798	0.423	0.465	1
"Gm17276"	0.255709129854752	0.171498849879208	0.219	0.213	1
"4632427E13Rik"	0.258784941791248	0.175399685756467	0.408	0.44	1
"Rwdd1"	0.259677486993122	0.197999451383202	0.385	0.428	1
"Prdm5"	0.259787161641452	0.195669967714805	0.274	0.275	1
"Chmp4b"	0.263378185728447	0.166648402180949	0.454	0.506	1
"Anapc1"	0.277596336604944	0.166763249894482	0.166	0.159	1
"Fbxo38"	0.277862346205876	0.162755816107603	0.15	0.143	1
"Ddx50"	0.292605610520363	0.154799393611466	0.399	0.427	1
"Usp14"	0.296022616236167	0.150154739080399	0.238	0.246	1
"Nrg3"	0.299487093843325	-0.227888596300686	0.218	0.242	1
"Slc24a2"	0.306541685232833	0.322836088113103	0.245	0.239	1
"Ccdc50"	0.311079552968426	0.16765607254657	0.175	0.17	1
"Cck"	0.311412052772325	-0.233588181008407	0.129	0.145	1
"4933429O19Rik"	0.323467733884261	0.184880864809293	0.328	0.35	1
"Plaa"	0.325874827166499	0.158389538994949	0.141	0.132	1
"Pigs"	0.326663457771034	0.165814498294033	0.235	0.24	1
"Abca4"	0.340750825996918	-0.167396454939931	0.136	0.15	1
"Tmem165"	0.340820952709681	0.186467368672169	0.19	0.19	1
"Kdm3b"	0.345997163136652	0.15961362243757	0.224	0.225	1
"Fam98c"	0.346330416678095	0.159180310283251	0.172	0.17	1
"4930570G19Rik"	0.378566625922162	0.15153503779978	0.111	0.104	1
"Msantd4"	0.387515457605344	0.168601916301562	0.178	0.177	1
"Pcsk2"	0.391401387655873	0.22417342335401	0.242	0.288	1
"Il1rapl2"	0.399033163615973	0.314812163537339	0.203	0.192	1
"Dhx36"	0.428264237837922	0.182019528493182	0.231	0.242	1
"Cntn5"	0.469251220480553	0.191092895279163	0.364	0.36	1
"Sox6"	0.484573895305383	0.333072124180861	0.186	0.181	1
"Rnf182"	0.516536504824145	0.155113415638798	0.239	0.24	1
"Zc3h7a"	0.552702462970827	0.197022665765034	0.187	0.192	1
"Msra"	0.557162190372806	0.171902982477386	0.246	0.285	1
"Septin4"	0.567182015947287	0.175318523880042	0.38	0.423	1
"Arhgap21"	0.575136147166601	0.1610280907836	0.164	0.167	1
"Mapre1"	0.578922097854201	0.15978223597541	0.161	0.166	1
"Brd9"	0.585476924379095	0.182308461075819	0.237	0.253	1
"Mir124a-1hg"	0.586010824701024	0.15361217948906	0.379	0.404	1
"Ppp2r3a"	0.594678286269027	0.200052623382969	0.178	0.183	1
"Dbi"	0.600136434331074	0.241464403715721	0.332	0.368	1
"Senp6"	0.605566161315587	0.151705360868027	0.354	0.39	1
"Ssbp4"	0.627274925896588	0.160325589815744	0.209	0.216	1
"Man1a"	0.638547657408242	0.184329073587504	0.186	0.185	1
"Cdh9"	0.664804590538552	0.164251876940311	0.188	0.187	1
"Nnat"	0.674972560515757	0.234286432190741	0.135	0.133	1
"Pcdh15"	0.678377360820383	0.276371249896998	0.666	0.722	1
"Rbbp6"	0.710388758624791	0.15137247667992	0.414	0.472	1
"Jpx"	0.742067559008139	0.157413608253724	0.305	0.331	1
"Tkt"	0.743464852500543	0.177143073420221	0.261	0.282	1
"Igsf11"	0.872462020622319	0.150600219010149	0.101	0.103	1
"Sh3bgrl"	0.925577697058644	0.151405871684094	0.149	0.159	1
"Slc8a1"	0.943126728943944	0.219180228350272	0.257	0.274	1
